image_width: 1280
image_height: 1024
camera_name: ximea_MQ
camera_matrix:
  rows: 3
  cols: 3
  data: [1513.69656033, 0, 640.0, 0, 1513.69656033, 512.0, 0, 0, 1]
distortion_model: plumb_bob
distortion_coefficients:
  rows: 1
  cols: 5
  data: [-0.229814, 0.21291133, 0.000323, 0.00004467, 0]
rectification_matrix:
  rows: 3
  cols: 3
  data: [1, 0, 0, 0, 1, 0, 0, 0, 1]
projection_matrix:
  rows: 3
  cols: 4
  data: [1458.663737, 0, 640.040413, 0, 0, 1476.52343733, 512.18262033, 0, 0, 0, 1, 0]