image_width: 4112
image_height: 2176
camera_name: ximea
camera_matrix:
  rows: 3
  cols: 3
  data: [2318.84058, 0, 2056.0, 0, 2318.84058, 1088.0, 0, 0, 1]
distortion_model: plumb_bob
distortion_coefficients:
  rows: 1
  cols: 5
  data: [-0.1029304464955316, 0.2493024951744816, -0.002419031702380918, -0.0008034264734654328, 0]
rectification_matrix:
  rows: 3
  cols: 3
  data: [1, 0, 0, 0, 1, 0, 0, 0, 1]
projection_matrix:
  rows: 3
  cols: 4
  data: [2318.84058, 0, 2056.0, 0, 0, 2318.84058, 1088.0, 0, 0, 0, 1, 0]